X-Position w/ Air Resistance(m),Y-Position w/ Air Resistance(m),X-Position w/ No Air Resistance, Y-Position w/ No Air Resistance
0.0,0.3048,0.0,0.3048,
0.3824657397420034,0.3114710609950155,0.3824391596044734,0.31147059726412135,
0.7649314794840067,0.3181323153400309,0.764825163860678,0.31813046141126716,
1.1473972192260102,0.3247837630350463,1.1471580201555298,0.3247795939331505,
1.5298629589680135,0.33142540408006177,1.529437735877309,0.33141799632130065,
1.912328698710017,0.3380572384750772,1.9116643184111126,0.33804567006724695,
2.2947944384520205,0.34467926622009265,2.2938377751420376,0.34466261666205894,
2.677260178194024,0.35129148731510806,2.675958113454726,0.3512688375968062,
3.059725917936027,0.35789390176012353,3.0580253407315467,0.3578643343621905,
3.442191657678031,0.36448650955513895,3.4400394643539585,0.36444910844872985,
3.824657397420035,0.3710693107001544,3.8220004917043298,0.3710231613467583,
4.207123137162038,0.37764230519516984,4.203908430161391,0.37758649454660975,
4.589588876904042,0.3842054930401853,4.585763287104328,0.384139109537883,
4.972054616646046,0.3907588742352007,4.967565069910961,0.39068100781063614,
5.35452035638805,0.39730244878021614,5.349313785957747,0.3972121908541919,
5.736986096130053,0.4038362166752316,5.731009442620689,0.403732660157965,
6.119451835872057,0.41036017792024704,6.112652047274423,0.4102424172111862,
6.501917575614061,0.4168743325152625,6.494241607293134,0.4167414635022588,
6.8843833153560645,0.42337868046027793,6.875778130049639,0.42322980052050563,
7.266849055098068,0.4298732217552934,7.257261622914484,0.42970742975396226,
7.649314794840072,0.43635795640030883,7.638692093258669,0.4361743526911238,
8.031780534582076,0.4428328843953243,8.020069548452739,0.4426305708201179,
8.41424627432408,0.44929800574033973,8.40139399586451,0.4490760856283367,
8.796712014066083,0.4557533204353552,8.782665442861799,0.45551089860409133,
9.179177753808087,0.46219882848037064,9.163883896810603,0.46193501123440617,
9.56164349355009,0.46863452987538606,9.545049365077375,0.4683484250067651,
9.944109233292094,0.4750604246204015,9.926161855025839,0.47475114140800867,
10.326574973034099,0.4814765127154169,10.307221374019718,0.4811431619249771,
10.709040712776101,0.4878827941604324,10.688227929421828,0.4875244880445107,
11.091506452518106,0.4942792689554478,11.069181528593163,0.49389512125271445,
11.47397219226011,0.5006659371004633,11.450082178894263,0.5002550630360609,
11.856437932002112,0.5070427985954787,11.830929887684306,0.506604314880655,
12.238903671744117,0.5134098534404942,12.211724662322013,0.5129428782718661,
12.621369411486121,0.5197671016355097,12.59246651016474,0.5192707546957069,
13.003835151228124,0.526114543180525,12.973155438568028,0.5255879456372712,
13.386300890970128,0.5324521780755405,13.353791454888324,0.5318944525816524,
13.768766630712133,0.5387800063205559,13.734374566478891,0.5381902770143117,
14.151232370454135,0.5450980279155714,14.11490478069345,0.5444754204196072,
14.53369811019614,0.5514062428605868,14.495382104884357,0.5507498842822647,
14.916163849938142,0.5577046511556023,14.875806546402146,0.5570136700866422,
15.298629589680147,0.5639932528006177,15.256178112598263,0.5632667793168218,
15.681095329422151,0.5702720477956331,15.636496810820972,0.5695092134566101,
16.063561069164155,0.5765410361406487,16.01676264841808,0.5757409739899051,
16.446026808906158,0.582800217835664,16.39697563273785,0.5819620624004216,
16.82849254864816,0.5890495928806795,16.777135771124904,0.5881724801710463,
17.210958288390167,0.595289161275695,17.157243070925233,0.5943722287852179,
17.59342402813217,0.6015189230207103,17.537297539483006,0.6005613097258234,
17.975889767874172,0.6077388781157258,17.91729918414103,0.6067397244752901,
18.358355507616178,0.6139490265607412,18.297248012241198,0.612907474516597,
18.74082124735818,0.6201493683557566,18.6771440311245,0.6190645613315278,
19.123286987100183,0.6263399035007722,19.05698724813101,0.6252109864026014,
19.50575272684219,0.6325206319957876,19.43677767059944,0.6313467512112343,
19.888218466584192,0.638691553840803,19.81651530586805,0.6374718572394856,
20.270684206326194,0.6448526690358185,20.19620016127419,0.6435863059687714,
20.6531499460682,0.6510039775808338,20.57583224415248,0.649690098880232,
21.035615685810203,0.6571454794758493,20.9554115618389,0.6557832374550073,
21.418081425552206,0.6632771747208648,21.334938121667165,0.6618657231738698,
21.80054716529421,0.6693990633158802,21.714411930969163,0.6679375575175001,
22.183012905036215,0.6755111452608957,22.093832997077698,0.6739987419662106,
22.565478644778217,0.6816134205559111,22.47320132732375,0.6800492780005898,
22.94794438452022,0.6877058892009266,22.852516929035573,0.686089167100399,
23.330410124262226,0.6937885511959421,23.23177980954415,0.6921184107453993,
23.71287586400423,0.6998614065409574,23.61098997617546,0.6981370104153514,
24.09534160374623,0.7059244552359729,23.990147436256393,0.7041449675896487,
24.477807343488234,0.7119776972809884,24.369252197113838,0.7101422837475928,
24.860273083230236,0.7180211326760038,24.7483042660715,0.7161289603677494,
25.242738822972242,0.7240547614210191,25.127303650453086,0.7221049989294199,
25.625204562714245,0.7300785835160346,25.506250357581393,0.7280704009109862,
26.007670302456248,0.7360925989610501,25.885144394777853,0.7340251677907382,
26.390136042198254,0.7420968077560655,26.263985769363444,0.7399693010469662,
26.772601781940256,0.7480912099010809,26.64277448865778,0.7459028021576843,
27.15506752168226,0.7540758053960963,27.02151055997865,0.7518256726005389,
27.537533261424265,0.7600505942411119,27.400193990644766,0.7577379138532685,
27.919999001166268,0.7660155764361273,27.7788247879721,0.7636395273928758,
28.30246474090827,0.7719707519811427,28.157402959276624,0.7695305146969156,
28.684930480650273,0.7779161208761582,28.53592851187159,0.7754108772422985,
29.06739622039228,0.7838516831211737,28.914401453071605,0.7812806165053839,
29.44986196013428,0.7897774387161891,29.292821790188555,0.7871397339629911,
29.832327699876284,0.7956933876612045,29.671189530534775,0.792988231091387,
30.21479343961829,0.80159952995622,30.04950468142033,0.7988261093668394,
30.597259179360293,0.8074958656012354,30.42776725015392,0.8046533702650638,
30.979724919102296,0.8133823945962508,30.805977244044243,0.8104700152616839,
31.362190658844302,0.8192591169412662,31.184134670399544,0.8162760458325995,
31.744656398586304,0.8251260326362817,31.56223953652534,0.8220714634527908,
32.12712213832831,0.8309831416812972,31.9402918497276,0.8278562695974219,
32.50958787807031,0.8368304440763126,32.318291617310024,0.8336304657413809,
32.892053617812316,0.8426679398213279,32.69623884657585,0.839394053359648,
33.27451935755432,0.8484956289163434,33.07413354482833,0.8451470339261924,
33.65698509729632,0.8543135113613589,33.451975719367965,0.8508894089155346,
34.03945083703832,0.8601215871563743,33.82976537749573,0.8566211798019188,
34.42191657678033,0.8659198563013897,34.20750252650987,0.8623423480587629,
34.804382316522336,0.8717083187964052,34.58518717370998,0.8680529151603111,
35.18684805626434,0.8774869746414207,34.96281932639204,0.8737528825796133,
35.56931379600634,0.8832558238364361,35.34039899185291,0.8794422517899025,
35.951779535748344,0.8890148663814517,35.71792617738811,0.8851210242645962,
36.334245275490346,0.894764102276467,36.095400890290875,0.8907892014761003,
36.716711015232356,0.9005035315214824,36.47282313785536,0.8964467848975561,
37.09917675497436,0.9062331541164979,36.85019292737343,0.9020937760007259,
37.48164249471636,0.9119529700615134,37.227510266135596,0.9077301762584757,
37.864108234458364,0.9176629793565287,37.60477516143328,0.9133559871425674,
38.246573974200366,0.9233631820015442,37.98198762055472,0.9189712101246716,
38.62903971394237,0.9290535779965596,38.359147650788145,0.9245758466766427,
39.01150545368438,0.934734167341575,38.73625525942043,0.9301698982696911,
39.39397119342638,0.9404049500365905,39.11331045373845,0.9357533663753037,
39.776436933168384,0.946065926081606,39.4903132410268,0.9413262524642312,
40.158902672910386,0.9517170954766214,39.86726362856916,0.9468885580073167,
40.54136841265239,0.9573584582216368,40.244161623649234,0.9524402844752193,
40.92383415239439,0.9629900143166523,40.62100723354888,0.9579814333383223,
41.3062998921364,0.9686117637616678,40.99780046554906,0.963512006066825,
41.688765631878404,0.9742237065566832,41.374541326930284,0.9690320041307428,
42.07123137162041,0.9798258427016986,41.75122982497032,0.9745414289995398,
42.45369711136241,0.9854181721967141,42.12786596694832,0.9800402821433232,
42.83616285110441,0.9910006950417296,42.50444976014114,0.9855285650309134,
43.218628590846414,0.996573411236745,42.88098121182429,0.9910062791318661,
43.60109433058842,1.0021363207817604,43.25746032927327,0.9964734259150938,
43.98356007033043,1.0076894236767757,43.633887119761766,1.0019300068491408,
44.36602581007243,1.0132327199217912,44.010261590562095,1.0073760234026434,
44.74849154981443,1.0187662095168066,44.38658374894703,1.0128114770439625,
45.130957289556434,1.0242898924618222,44.76285360218708,1.0182363692413663,
45.51342302929844,1.0298037687568375,45.139071157552735,1.0236507014627563,
45.89588876904044,1.035307838401853,45.51523642231268,1.0290544751756652,
46.27835450878245,1.0408021013968685,45.891349403733784,1.03444769184781,
46.66082024852445,1.0462865577418838,46.26741010908427,1.0398303529463564,
47.043285988266454,1.0517612074368994,46.643418545629174,1.0452024599386533,
47.42575172800846,1.0572260504819149,47.019374720634005,1.050564014291407,
47.80821746775045,1.06268108687693,47.39527864136153,1.0559150174715983,
48.19068320749246,1.0681263166219457,47.771130315076334,1.0612554709454736,
48.573148947234465,1.073561739716961,48.14692974903892,1.0665853761793707,
48.95561468697647,1.0789873561619765,48.52267695051023,1.0719047346395354,
49.33808042671847,1.084403165956992,48.898371926750315,1.0772135477918463,
49.72054616646047,1.0898091691020073,49.2740146850183,1.082511817101906,
50.103011906202475,1.0952053655970229,49.64960523257105,1.087799544035316,
50.485477645944485,1.1005917554420384,50.02514357666632,1.0930767300570363,
50.86794338568649,1.1059683386370536,50.40062972455917,1.0983433766325765,
51.25040912542849,1.1113351151820692,50.77606368350507,1.1035994852266202,
51.63287486517049,1.1166920850770847,51.151445460756804,1.108845057303942,
52.015340604912495,1.1220392483221,51.52677506356804,1.1140800943289493,
52.3978063446545,1.1273766049171154,51.90205249919018,1.1193045977657734,
52.78027208439651,1.1327041548621308,52.277277774874165,1.1245185690787296,
53.16273782413851,1.1380218981571464,52.652450897869585,1.1297220097315814,
53.54520356388051,1.1433298348021617,53.02757187542511,1.1349149211880007,
53.927669303622515,1.1486279647971773,53.402640714787594,1.1400973049112917,
54.31013504336452,1.1539162881421927,53.77765742320571,1.1452691623648497,
54.69260078310652,1.159194804837208,54.15262200792313,1.150430495011795,
55.07506652284853,1.1644635148822235,54.52753447618579,1.155581304314972,
55.45753226259053,1.169722418277239,54.90239483523692,1.160721591736673,
55.839998002332536,1.1749715150222544,55.27720309231972,1.1658513587399266,
56.22246374207454,1.18021080511727,55.65195925467515,1.1709706067863814,
56.60492948181654,1.1854402885622854,56.026663329544135,1.1760793373385139,
56.98739522155854,1.1906599653573007,56.40131532416672,1.1811775518578815,
57.369860961300546,1.1958698355023163,56.77591524578065,1.1862652518063168,
57.752326701042556,1.2010698989973316,57.150463101625064,1.1913424386451015,
58.13479244078456,1.2062601558423471,57.52495889893498,1.1964091138355164,
58.51725818052656,1.2114406060373626,57.899402644946804,1.2014652788384752,
58.89972392026856,1.216611249582378,58.2737943468951,1.2065109351147996,
59.282189660010566,1.2217720864773933,58.64813401201309,1.2115460841253112,
59.66465539975257,1.226923116722409,59.02242164753443,1.2165707273302797,
60.04712113949458,1.2320643403174243,59.39665726069006,1.2215848661897912,
60.42958687923658,1.2371957572624397,59.77084085871002,1.226588502164116,
60.81205261897858,1.242317367557455,60.14497244882432,1.2315816367129722,
61.194518358720586,1.2474291712024708,60.519052038262544,1.2365642712957101,
61.57698409846259,1.252531168197486,60.89307963425108,1.2415364073719564,
61.95944983820459,1.2576233585425014,61.267055244016774,1.2464980464006938,
62.3419155779466,1.262705742237517,61.64097887478556,1.2514491898413649,
62.724381317688604,1.2677783192825325,62.014850533781555,1.256389839152309,
63.106847057430606,1.2728410896775477,62.388670228228875,1.2613199957921406,
63.48931279717261,1.2778940534225631,62.76243796534936,1.2662396612195672,
63.87177853691461,1.2829372105175787,63.13615375236577,1.2711488368923762,
64.25424427665662,1.2879705609625942,63.509817596497214,1.2760475242688152,
64.63671001639862,1.2929941047576095,63.883429504963715,1.2809357248065794,
65.01917575614063,1.298007841902625,64.25698948498484,1.2858134399632726,
65.40164149588263,1.3030117723976404,64.63049754377698,1.2906806711962229,
65.78410723562463,1.308005896242656,65.00395368855652,1.2955374199623904,
66.16657297536663,1.3129902134376712,65.3773579265403,1.300383687718919,
66.54903871510864,1.3179647239826868,65.75071026494197,1.3052194759227689,
66.93150445485064,1.3229294278777022,66.1240107109752,1.3100447860302566,
67.31397019459264,1.3278843251227175,66.49725927185227,1.3148596194977906,
67.69643593433464,1.332829415717733,66.87045595478548,1.3196639777814119,
68.07890167407665,1.3377646996627486,67.2436007669844,1.324457862337253,
68.46136741381866,1.342690176957764,67.61669371565904,1.3292412746209867,
68.84383315356067,1.3476058476027795,67.98973480801806,1.3340142160881023,
69.22629889330267,1.352511711597795,68.36272405126874,1.338776688193997,
69.60876463304467,1.3574077689428103,68.73566145261793,1.3435286923937921,
69.99123037278667,1.3622940196378257,69.10854701927019,1.3482702301424252,
70.37369611252868,1.367170463682841,69.4813807584319,1.3530013028947416,
70.75616185227068,1.3720371010778567,69.85416267730488,1.3577219121052195,
71.13862759201268,1.3768939318228721,70.2268927830919,1.3624320592278765,
71.52109333175468,1.3817409559178875,70.59957108299523,1.3671317457173744,
71.90355907149669,1.386578173362903,70.97219758421534,1.3718209730272717,
72.28602481123869,1.3914055841579185,71.34477229395088,1.3764997426114025,
72.66849055098069,1.3962231883029337,71.71729521940097,1.3811680559233253,
73.05095629072271,1.4010309857979493,72.08976636776288,1.3858259144162306,
73.43342203046471,1.4058289766429648,72.46218574623299,1.3904733195434011,
73.81588777020671,1.4106171608379803,72.83455336200768,1.3951102727577516,
74.19835350994872,1.4153955383829955,73.2068692222806,1.399736775511921,
74.58081924969072,1.420164109278011,73.5791333342454,1.4043528292582728,
74.96328498943272,1.4249228735230266,73.95134570509481,1.4089584354494453,
75.34575072917472,1.4296718311180419,74.32350634202066,1.4135535955372507,
75.72821646891673,1.4344109820630573,74.69561525221252,1.4181383109737762,
76.11068220865873,1.4391403263580729,75.06767244286084,1.4227125832106493,
76.49314794840073,1.4438598640030882,75.43967792115382,1.4272764136995897,
76.87561368814274,1.4485695949981037,75.81163169427828,1.4318298038915815,
77.25807942788474,1.453269519343119,76.18353376942196,1.4363727552377927,
77.64054516762674,1.4579596370381347,76.55538415376941,1.4409052691891155,
78.02301090736876,1.46263994808315,76.92718285450565,1.4454273471964418,
78.40547664711076,1.4673104524781653,77.2989298788143,1.4499389907100206,
78.78794238685276,1.471971150223181,77.67062523387722,1.4544402011805597,
79.17040812659477,1.4766220413181963,78.04226892687711,1.4589309800576646,
79.55287386633677,1.4812631257632116,78.41386096499309,1.4634113287912156,
79.93533960607877,1.485894403558227,78.78540135540561,1.4678812488314616,
80.31780534582077,1.4905158747032428,79.15689010529286,1.4723407416273642,
80.70027108556278,1.4951275391982581,79.52832722183302,1.476789808628436,
81.08273682530478,1.4997293970432735,79.89971271220156,1.4812284512835467,
81.46520256504678,1.504321448238289,80.27104658357439,1.4856566710418417,
81.84766830478878,1.5089036927833044,80.64232884312696,1.4900744693520065,
82.23013404453079,1.5134761306783198,81.0135594980311,1.494481847662175,
82.6125997842728,1.518038761923335,81.3847385554609,1.4988788074210333,
82.9950655240148,1.5225915865183508,81.75586602258682,1.503265350076531,
83.37753126375681,1.5271346044633662,82.12694190658021,1.5076414770763422,
83.75999700349881,1.5316678157583816,82.49796621461064,1.5120071898684175,
84.14246274324081,1.536191220403397,82.86893895384583,1.5163624898998795,
84.52492848298282,1.5407048183984124,83.2398601314544,1.5207073786184941,
84.90739422272482,1.5452086097434279,83.61072975460229,1.5250418574711084,
85.28985996246682,1.5497025944384433,83.98154783045538,1.5293659279044773,
85.67232570220882,1.5541867724834588,84.35231436617732,1.5336795913652634,
86.05479144195083,1.5586611438784743,84.72302936893266,1.537982849300314,
86.43725718169283,1.5631257086234898,85.09369284588456,1.5422757031553724,
86.81972292143483,1.567580466718505,85.46430480419303,1.5465581543768256,
87.20218866117683,1.5720254181635205,85.83486525101944,1.5508302044103257,
87.58465440091885,1.576460562958536,86.20537419352377,1.5550918547018915,
87.96712014066085,1.5808859011035514,86.57583163886329,1.5593431066966232,
88.34958588040286,1.585301432598567,86.94623759419756,1.5635839618398968,
88.73205162014486,1.5897071574435824,87.316592066682,1.567814421576904,
89.11451735988686,1.5941030756385979,87.6868950634721,1.5720344873522853,
89.49698309962886,1.598489187183613,88.05714659172281,1.5762441606108648,
89.87944883937087,1.6028654920786287,88.42734665858825,1.5804434427972824,
90.26191457911287,1.607231990323644,88.79749527122021,1.5846323353553515,
90.64438031885487,1.6115886819186593,89.16759243677052,1.5888108397293443,
91.02684605859687,1.6159355668636748,89.53763816239007,1.5929789573630737,
91.40931179833888,1.6202726451586904,89.90763245522794,1.5971366897004446,
91.79177753808088,1.6245999168037057,90.27757532243413,1.6012840381844422,
92.1742432778229,1.6289173817987213,90.647466771155,1.6054210042588795,
92.5567090175649,1.633225040143737,91.0173068085378,1.609547589366282,
92.9391747573069,1.637522891838752,91.38709544172798,1.613663794950003,
93.3216404970489,1.6418109368837677,91.75683267787053,1.6177696224523843,
93.7041062367909,1.646089175278783,92.12651852410863,1.6218650733156756,
94.08657197653291,1.6503576070237986,92.49615298758545,1.6259501489826786,
94.46903771627491,1.6546162321188138,92.86573607544278,1.6300248508949076,
94.85150345601691,1.6588650505638294,93.23526779482017,1.6340891804947044,
95.23396919575892,1.663104062358845,93.60474815285943,1.6381431392233077,
95.6164349355009,1.6673332675038601,93.97417715669735,1.6421867285224152,
95.99890067524292,1.6715526659988755,94.34355481347302,1.6462199498332661,
96.38136641498492,1.675762257843891,94.71288113032188,1.6502428045967308,
96.76383215472693,1.6799620430389066,95.08215611438118,1.6542552942538642,
97.14629789446893,1.6841520215839219,95.4513797727841,1.658257420245077,
97.52876363421093,1.6883321934789373,95.82055211266606,1.6622491840110565,
97.91122937395293,1.6925025587239528,96.18967314115844,1.6662305869921217,
98.29369511369494,1.6966631173189681,96.55874286539347,1.670201630627948,
98.67616085343694,1.7008138692639836,96.92776129250251,1.674162316358763,
99.05862659317894,1.7049548145589992,97.29672842961509,1.678112645623966,
99.44109233292095,1.7090859532040146,97.66564428385891,1.682052619863049,
99.82355807266295,1.7132072851990299,98.03450886236351,1.6859822405154117,
100.20602381240495,1.7173188105440453,98.40332217225478,1.6899015090198102,
100.58848955214697,1.721420529239061,98.7720842206586,1.6938104268154606,
100.97095529188897,1.7255124412840763,99.14079501470042,1.6977089953407511,
101.35342103163097,1.7295945466790916,99.50945456150339,1.701597216034254,
101.73588677137298,1.733666845424107,99.87806286819068,1.705475090334082,
102.11835251111498,1.7377293375191225,100.24661994188364,1.7093426196784396,
102.50081825085698,1.741782022964138,100.61512578970405,1.7131998055050717,
102.88328399059898,1.7458249017591534,100.983580418771,1.7170466492517231,
103.26574973034099,1.749857973904169,101.35198383620445,1.720883152355863,
103.64821547008299,1.7538812393991845,101.72033604912122,1.7247093162544085,
104.03068120982499,1.7578946982441999,102.08863706463899,1.7285251423848287,
104.413146949567,1.7618983504392152,102.4568868898732,1.7323306321837655,
104.795612689309,1.7658921959842309,102.82508553193884,1.736125787088044,
105.178078429051,1.769876234879246,103.19323299795042,1.7399106085337541,
105.56054416879302,1.7738504671242614,103.56132929502064,1.7436850979576297,
105.94300990853502,1.7778148927192772,103.92937443026085,1.747449256795209,
106.32547564827702,1.7817695116642924,104.29736841078284,1.7512030864827655,
106.70794138801902,1.7857143239593078,104.66531124369703,1.7549465884557458,
107.09040712776103,1.7896493296043232,105.03320293611114,1.758679764149688,
107.47287286750303,1.7935745285993387,105.40104349513376,1.7624026149996714,
107.85533860724503,1.7974899209443542,105.76883292787215,1.7661151424409578,
108.23780434698703,1.8013955066393696,106.1365712414322,1.769817347908534,
108.62027008672904,1.8052912856843848,106.50425844291931,1.7735092328364674,
109.00273582647104,1.8091772580794006,106.87189453943665,1.7771907986598365,
109.38520156621304,1.8130534238244158,107.23947953808874,1.780862046812709,
109.76766730595504,1.8169197829194312,107.60701344597692,1.7845229787288757,
110.15013304569706,1.8207763353644468,107.97449627020114,1.7881735958424043,
110.53259878543906,1.8246230811594624,108.34192801786412,1.7918138995871782,
110.91506452518107,1.8284600203044776,108.70930869606309,1.7954438913962532,
111.29753026492307,1.832287152799493,109.0766383118962,1.7990635727029611,
111.67999600466507,1.8361044786445087,109.44391687246207,1.8026729449407257,
112.06246174440707,1.839911997839524,109.8111443848552,1.8062720095418674,
112.44492748414908,1.8437097103845395,110.17832085617147,1.809860767939626,
112.82739322389108,1.8474976162795549,110.54544629350539,1.813439221565954,
113.20985896363308,1.8512757155245703,110.91252070395058,1.8170073718533564,
113.59232470337508,1.8550440081195858,111.2795440945979,1.8205652202340608,
113.97479044311709,1.858802494064601,111.64651647253959,1.824112768139377,
114.35725618285909,1.8625511733596167,112.01343784486608,1.827650017001625,
114.73972192260109,1.866290046004632,112.3803082186655,1.83117696825193,
115.12218766234311,1.8700191119996474,112.74712760102739,1.8346936233216018,
115.50465340208511,1.8737383713446627,113.11389599903896,1.838199983641673,
115.88711914182711,1.8774478240396781,113.4806134197861,1.841696050642993,
116.26958488156912,1.881147470084694,113.84727987035421,1.8451818257564114,
116.65205062131112,1.8848373094797093,114.21389535782737,1.8486573104123183,
117.03451636105312,1.8885173422247248,114.58045988928916,1.8521225060409188,
117.41698210079512,1.8921875683197402,114.94697347182273,1.8555774140723273,
117.79944784053713,1.8958479877647556,115.3134361125085,1.8590220359364737,
118.18191358027913,1.899498600559771,115.67984781842733,1.8624563730628285,
118.56437932002113,1.9031394067047864,116.04620859665874,1.8658804268812295,
118.94684505976313,1.906770406199802,116.41251845428042,1.8692941988205953,
119.32931079950514,1.9103915990448175,116.7787773983714,1.8726976903103045,
119.71177653924715,1.9140029852398328,117.14498543600666,1.876090902779092,
120.09424227898916,1.9176045647848483,117.51114257426252,1.8794738376556006,
120.47670801873116,1.9211963376798635,117.87724882021348,1.8828464963682892,
120.85917375847316,1.9247783039248791,118.24330418093177,1.8862088803456167,
121.24163949821516,1.9283504635198943,118.6093086634919,1.8895609910155826,
121.62410523795717,1.9319128164649098,118.97526227496473,1.8929028298060944,
122.00657097769917,1.9354653627599256,119.34116502242023,1.8962343981448753,
122.38903671744117,1.939008102404941,119.7070169129288,1.899555697459189,
122.77150245718317,1.9425410353999564,120.07281795355857,1.9028667291766672,
123.15396819692518,1.9460641617449717,120.4385681513777,1.9061674947242062,
123.53643393666718,1.949577481439987,120.80426751345203,1.9094579955287934,
123.91889967640918,1.9530809944850025,121.16991604684745,1.9127382330169576,
124.30136541615119,1.9565747008800178,121.5355137586298,1.9160082086155945,
124.6838311558932,1.9600586006250336,121.90106065586087,1.9192679237504968,
125.0662968956352,1.963532693720049,122.26655674560516,1.9225173798479174,
125.44876263537721,1.9669969801650644,122.63200203492397,1.9257565783342,
125.83122837511921,1.9704514599600798,122.99739653087727,1.9289855206344946,
126.21369411486121,1.973896133105095,123.36274024052545,1.9322042081745934,
126.59615985460321,1.9773309996001107,123.72803317092666,1.9354126423797375,
126.97862559434522,1.980756059445126,124.0932753291404,1.9386108246750764,
127.36109133408722,1.984171312640142,124.4584667222216,1.9417987564853914,
127.74355707382922,1.9875767591851572,124.82360735722705,1.9449764392356477,
128.12602281357124,1.9909723990801724,125.18869724121214,1.9481438743500752,
128.50848855331324,1.9943582323251878,125.55373638122956,1.9513010632533634,
128.89095429305524,1.9977342589202032,125.91872478433288,1.9544480073693742,
129.27342003279725,2.0011004788652187,126.28366245757388,1.9575847081219697,
129.65588577253925,2.0044568921602344,126.64854940800387,1.9607111669351038,
130.03835151228125,2.00780349880525,127.01338564267235,1.9638273852321793,
130.42081725202326,2.0111402988002656,127.37817116862834,1.966933364436414,
130.80328299176526,2.0144672921452806,127.74290599292044,1.9700291059711186,
131.18574873150726,2.017784478840296,128.1075901225954,1.9731146112593279,
131.56821447124926,2.0210918588853115,128.4722235646991,1.9761898817235244,
131.95068021099127,2.024389432280327,128.83680632627647,1.9792549187861914,
132.33314595073327,2.027677199025342,129.20133841437246,1.9823097238701795,
132.71561169047527,2.0309551591203583,129.56581983602882,1.985354298397144,
133.09807743021727,2.0342233125653735,129.9302505982887,1.9883886437892004,
133.48054316995928,2.037481659360389,130.29463070819384,1.9914127614680959,
133.86300890970128,2.040730199505404,130.65896017278283,1.9944266528553023,
134.24547464944328,2.0439689330004196,131.0232389990956,1.997430319372383,
134.62794038918528,2.047197859845435,131.38746719417077,2.000423762440258,
135.0104061289273,2.0504169800404504,131.75164476504506,2.0034069834800317,
135.3928718686693,2.0536262935854657,132.11577171875524,2.006379983912347,
135.7753376084113,2.0568258004804814,132.4798480623367,2.009342765158033,
136.1578033481533,2.060015500725497,132.8438738028226,2.0122953286370904,
136.54026908789533,2.0631953943205126,133.20784894724738,2.0152376757700705,
136.92273482763733,2.0663654812655277,133.57177350264328,2.018169807976607,
137.30520056737933,2.069525761560543,133.9356474760416,2.021091726676792,
137.68766630712133,2.0726762352055585,134.29947087447226,2.0240034332898906,
138.07013204686334,2.075816902200574,134.66324370496523,2.02690492923526,
138.45259778660534,2.0789477625455897,135.02696597454906,2.0297962159326244,
138.83506352634734,2.082068816240605,135.39063769025097,2.0326772948002385,
139.21752926608934,2.0851800632856206,135.75425885909726,2.0355481672574585,
139.59999500583135,2.0882815036806357,136.11782948811378,2.0384088347227225,
139.98246074557335,2.0913731374256512,136.48134958432456,2.041259298614284,
140.36492648531535,2.0944549645206667,136.84481915475453,2.044099560350489,
140.74739222505735,2.0975269849656817,137.20823820642454,2.046929621349131,
141.12985796479936,2.1005891987606975,137.57160674635725,2.0497494830282803,
141.51232370454136,2.103641605905713,137.93492478157305,2.052559146805363,
141.89478944428336,2.1066842064007285,138.29819231909187,2.0553586140978974,
142.27725518402536,2.1097170002457437,138.66140936593183,2.058147886323034,
142.65972092376737,2.1127399874407593,139.0245759291115,2.060926964897923,
143.04218666350937,2.115753167985775,139.38769201564628,2.063695851239072,
143.42465240325137,2.11875654188079,139.75075763255336,2.066454546763539,
143.80711814299337,2.1217501091258057,140.11377278684677,2.0692030528871874,
144.18958388273538,2.124733869720821,140.47673748554007,2.071941371026708,
144.57204962247738,2.1277078236658364,140.83965173564684,2.0746695025980557,
144.95451536221938,2.1306719709608517,141.20251554417882,2.0773874490170026,
145.33698110196138,2.1336263116058674,141.5653289181464,2.0800952116991356,
145.7194468417034,2.1365708456008825,141.92809186455997,2.082792792060043,
146.10191258144542,2.139505572945898,142.29080439042855,2.0854801915146677,
146.48437832118742,2.142430493640914,142.65346650275887,2.088157411478414,
146.86684406092942,2.1453456076859294,143.01607820855997,2.0908244533660416,
147.24930980067143,2.148250915080945,143.37863951483632,2.093481318592035,
147.63177554041343,2.15114641582596,143.74115042859376,2.0961280085707865,
148.01424128015543,2.1540321099209754,144.10361095683584,2.098764524716964,
148.39670701989743,2.1569079973659906,144.46602110656613,2.1013908684443163,
148.77917275963944,2.159774078161006,144.82838088478593,2.1040070411667764,
149.16163849938144,2.1626303523060217,145.19069029849743,2.1066130442980007,
149.54410423912344,2.1654768198010372,145.55294935470056,2.109208879251738,
149.92656997886544,2.1683134806460527,145.91515806039388,2.1117945474406334,
150.30903571860745,2.171140334841068,146.2773164225764,2.114370050278436,
150.69150145834945,2.1739573823860834,146.63942444824488,2.116935389177791,
151.07396719809145,2.1767646232810987,147.0014821443956,2.1194905655513447,
151.45643293783345,2.1795620575261143,147.36348951802393,2.122035580811374,
151.83889867757546,2.1823496851211295,147.7254465761248,2.1245704363704325,
152.22136441731746,2.1851275060661455,148.08735332569086,2.127095133640706,
152.60383015705946,2.187895520361161,148.44920977371476,2.1296096740339205,
152.98629589680147,2.190653728006176,148.81101592718824,2.132114058961986,
153.36876163654347,2.1934021290011914,149.17277179310122,2.1346082898359855,
153.75122737628547,2.1961407233462067,149.53447737844363,2.1370923680678278,
154.13369311602747,2.1988695110412224,149.8961326902031,2.139566295068137,
154.51615885576948,2.2015884920862376,150.25773773536866,2.1420300722480863,
154.89862459551148,2.2042976664812532,150.61929252092568,2.1444837010182995,
155.28109033525348,2.206997034226269,150.98079705386,2.146927182789307,
155.6635560749955,2.2096865953212843,151.34225134115695,2.1493605189716396,
156.04602181473751,2.2123663497662998,151.70365538979922,2.151783710975093,
156.42848755447952,2.2150362975613147,152.0650092067699,2.154196760210014,
156.81095329422152,2.2176964387063305,152.42631279905072,2.1565996680857373,
157.19341903396352,2.2203467732013458,152.7875661736225,2.15899243601206,
157.57588477370552,2.2229873010463614,153.14876933746473,2.1613750653983166,
157.95835051344753,2.225618022241377,153.50992229755684,2.1637475576535667,
158.34081625318953,2.228238936786392,153.87102506087558,2.166109914186871,
158.72328199293153,2.2308500446814077,154.23207763439905,2.168462136406921,
159.10574773267354,2.233451345926423,154.5930800251026,2.1708042257225015,
159.48821347241554,2.2360428405214385,154.95403223996118,2.1731361835416596,
159.87067921215754,2.238624528466454,155.3149342859483,2.175458011272813,
160.25314495189954,2.2411964097614696,155.67578617003755,2.177769710323825,
160.63561069164155,2.243758484406485,156.0365878992011,2.180071282102653,
161.01807643138355,2.2463107524015005,156.3973394804093,2.182362728016702,
161.40054217112555,2.2488532137465156,156.75804092063254,2.1846440494734685,
161.78300791086755,2.251385868441531,157.11869222684027,2.1869152478800813,
162.16547365060956,2.2539087164865466,157.47929340600012,2.1891763246434865,
162.54793939035156,2.256421757881562,157.83984446507975,2.1914272811707205,
162.93040513009356,2.2589249926265778,158.20034541104496,2.1936681188681773,
163.31287086983556,2.261418420721593,158.56079625086113,2.1958988391423424,
163.69533660957757,2.2639020421666083,158.92119699149225,2.198119443399609,
164.07780234931957,2.266375856961624,159.28154763990233,2.2003299330458193,
164.46026808906157,2.268839865106639,159.6418482030531,2.2025303094869075,
164.84273382880357,2.2712940666016546,160.0020986879058,2.2047205741283475,
165.2251995685456,2.27373846144667,160.36229910142174,2.2069007283757975,
165.6076653082876,2.276173049641686,160.72244945055945,2.209070773634272,
165.9901310480296,2.2785978311867012,161.08254974227793,2.211230711309061,
166.3725967877716,2.2810128060817165,161.44259998353436,2.2133805428048117,
166.75506252751362,2.2834179743267318,161.80260018128502,2.215520269526446,
167.13752826725562,2.2858133359217474,162.16255034248616,2.21764989287806,
167.51999400699762,2.2881988908667625,162.52245047409178,2.219769414264116,
167.90245974673962,2.290574639161778,162.88230058305635,2.2218788350888925,
168.28492548648163,2.2929405808067935,163.24210067633157,2.223978156756118,
168.66739122622363,2.2952967158018094,163.60185076086918,2.2260673806692433,
169.04985696596563,2.2976430441468247,163.96155084362044,2.2281465082320877,
169.43232270570763,2.29997956584184,164.3212009315348,2.230215540847735,
169.81478844544964,2.3023062808868553,164.6808010315617,2.232274479919361,
170.19725418519164,2.3046231892818705,165.0403511506479,2.2343233268498657,
170.57971992493364,2.306930291026886,165.39985129574097,2.236362083042149,
170.96218566467564,2.3092275861219016,165.75930147378676,2.2383907498983753,
171.34465140441765,2.311515074566917,166.11870169173017,2.2404093288209843,
171.72711714415965,2.3137927563619325,166.47805195651563,2.242417821212417,
172.10958288390165,2.316060631506948,166.8373522750844,2.2444162284740097,
172.49204862364365,2.3183187000019636,167.19660265438097,2.2464045520080194,
172.87451436338566,2.320566961846979,167.55580310134428,2.2483827932157823,
173.25698010312766,2.3228054170419945,167.91495362291562,2.2503509534985437,
173.63944584286966,2.325034065587009,168.27405422603442,2.2523090342577325,
174.02191158261166,2.327252907482025,168.6331049176374,2.254257036894042,
174.40437732235367,2.3294619427270407,168.99210570466312,2.2561949628084417,
174.7868430620957,2.331661171322056,169.35105659404735,2.2581228134013487,
175.1693088018377,2.3338505932670714,169.7099575927259,2.2600405900730887,
175.5517745415797,2.3360302085620868,170.0688087076319,2.2619482942239872,
175.9342402813217,2.338200017207102,170.42760994569971,2.263845927253911,
176.3167060210637,2.3403600192021177,170.78636131386156,2.2657334905627247,
176.6991717608057,2.3425102145471337,171.14506281904914,2.267610985550111,
177.0816375005477,2.344650603242149,171.5037144681919,2.2694784136152006,
177.46410324028972,2.3467811852871643,171.86231626822018,2.271335776157491,
177.84656898003172,2.3489019606821797,172.22086822606298,2.273183074575837,
178.22903471977372,2.351012929427195,172.57937034864653,2.2750203102690016,
178.61150045951572,2.35311409152221,172.93782264289848,2.276847484635839,
178.99396619925773,2.3552054469672257,173.29622511574462,2.27866459907456,
179.37643193899973,2.3572869957622418,173.65457777410802,2.2804716549832844,
179.75889767874173,2.359358737907257,174.01288062491494,2.2822686537604064,
180.14136341848373,2.3614206734022725,174.37113367508618,2.2840555968035856,
180.52382915822574,2.363472802247288,174.72933693154437,2.2858324855102974,
180.90629489796774,2.365515124442303,175.08749040120983,2.2875993212784773,
181.28876063770974,2.3675476399873183,175.4455940910034,2.289356105504773,
181.67122637745175,2.3695703488823336,175.80364800784264,2.29110283958666,
182.05369211719375,2.3715832511273494,176.16165215864703,2.2928395249209705,
182.43615785693575,2.373586346722365,176.51960655033236,2.2945661629043523,
182.81862359667775,2.37557963566738,176.87751118981487,2.29628275493327,
183.20108933641976,2.3775631179623957,177.23536608401037,2.297989302403911,
183.58355507616176,2.3795367936074108,177.59317123983237,2.2996858067124646,
183.96602081590376,2.381500662602426,177.95092666419396,2.3013722692548426,
184.3484865556458,2.383454724947442,178.30863236400774,2.3030486914269583,
184.7309522953878,2.3853989806424574,178.66628834618405,2.304715074623804,
185.1134180351298,2.387333429687473,179.02389461763414,2.306371420241293,
185.4958837748718,2.3892580720824883,179.38145118526745,2.308017729674142,
185.8783495146138,2.391172907827504,179.7389580559916,2.3096540043172524,
186.2608152543558,2.393077936922519,180.09641523671462,2.311280245565893,
186.6432809940978,2.3949731593675345,180.45382273434234,2.3128964548140463,
187.0257467338398,2.39685857516255,180.81118055577963,2.314502633456153,
187.4082124735818,2.3987341843075654,181.16848870793228,2.316098782886471,
187.79067821332382,2.400599986802581,181.52574719770428,2.3176849044991656,
188.17314395306582,2.4024559826475964,181.8829560319964,2.3192609996877596,
188.55560969280782,2.4043021718426116,182.24011521771126,2.320827069845775,
188.93807543254982,2.406138554387627,182.5972247617501,2.3223831163667334,
189.32054117229183,2.4079651302826424,182.95428467101146,2.3239291406438816,
189.70300691203383,2.409781899527658,183.31129495239475,2.325465144070006,
190.08547265177583,2.4115888621226733,183.66825561279802,2.326991128038077,
190.46793839151783,2.413386018067689,184.02516665911708,2.328507093940697,
190.85040413125984,2.4151733673627045,184.38202809824907,2.330013043170102,
191.2328698710018,2.4169509100077198,184.73883993708796,2.331508977118618,
191.61533561074384,2.418718646002735,185.09560218252864,2.332994897178388,
191.99780135048584,2.4204765753477506,185.4523148414628,2.3344708047412794,
192.38026709022785,2.4222246980427657,185.80897792078395,2.335936701198608,
192.76273282996985,2.4239630140877813,186.16559142738197,2.337392587942149,
193.14519856971185,2.425691523482797,186.5221553681472,2.3388384663628496,
193.52766430945385,2.4274102262278126,186.87866974996996,2.3402743378520263,
193.91013004919586,2.4291191223228275,187.23513457973695,2.3417002038006265,
194.29259578893786,2.430818211767843,187.59154986433623,2.343116065598954,
194.67506152867986,2.4325074945628584,187.94791561065404,2.3445219246377733,
195.05752726842186,2.434186970707874,188.30423182557524,2.3459177823073887,
195.43999300816387,2.43585664020289,188.66049851598473,2.3473036399976444,
195.82245874790587,2.437516503047905,189.016715688766,2.3486794990987523,
196.20492448764787,2.4391665592429206,189.37288335080166,2.3500453610002823,
196.58739022738988,2.4408068087879355,189.72900150897203,2.351401227091526,
196.96985596713188,2.442437251682951,190.08507017015972,2.352747098762237,
197.35232170687388,2.4440578879279666,190.44108934124233,2.354082977401248,
197.73478744661588,2.445668717522982,190.79705902909882,2.3554088643973925,
198.11725318635789,2.447269740467998,191.1529792406086,2.356724761139779,
198.4997189260999,2.4488609567630135,191.50884998264655,2.35803066901669,
198.8821846658419,2.4504423664080286,191.8646712620889,2.3593265894164976,
199.2646504055839,2.452013969403044,192.22044308581144,2.360612523727577,
199.6471161453259,2.4535757657480595,192.5761654606863,2.3618884733375647,
200.0295818850679,2.4551277554430744,192.9318383935879,2.3631544396345596,
200.4120476248099,2.4566699384880897,193.28746189138747,2.3644104240058312,
200.7945133645519,2.4582023148831054,193.64303596095624,2.3656564278391095,
201.17697910429393,2.4597248846281214,193.9985606091641,2.3668924525212973,
201.55944484403594,2.4612376477231366,194.35403584288042,2.368118499439756,
201.94191058377794,2.462740604168152,194.7094616689733,2.369334569980746,
202.32437632351994,2.4642337539631676,195.06483809430938,2.3705406655314443,
202.70684206326194,2.4657170971081825,195.42016512575537,2.3717367874779263,
203.08930780300395,2.467190633603198,195.7754427701766,2.372922937206543,
203.47177354274595,2.4686543634482137,196.13067103443746,2.3740991161033693,
203.85423928248795,2.4701082866432293,196.48584992540054,2.375265325554204,
204.23670502222996,2.4715524031882445,196.84097944992936,2.3764215669448476,
204.61917076197196,2.4729867130832597,197.1960596148847,2.377567841660546,
205.00163650171396,2.474411216328275,197.55109042712684,2.3787041510866405,
205.38410224145596,2.475825912923291,197.90607189351613,2.379830496608101,
205.76656798119797,2.4772308028683065,198.2610040209106,2.3809468796100846,
206.14903372093997,2.4786258861633215,198.61588681616786,2.3820533014771947,
206.53149946068197,2.480011162808337,198.97072028614548,2.3831497635937593,
206.91396520042397,2.4813866328033525,199.32550443769787,2.384236267344291,
207.29643094016598,2.482752296148368,199.68023927768036,2.385312814112934,
207.67889667990798,2.4841081528433833,200.03492481294688,2.386379405283464,
208.06136241964998,2.485454202888399,200.3895610503505,2.3874360422394747,
208.44382815939198,2.486790446283414,200.74414799674287,2.388482726364743,
208.826293899134,2.4881168830284297,201.09868565897477,2.389519459042676,
209.208759638876,2.4894335131234455,201.45317404389698,2.3905462416562244,
209.591225378618,2.490740336568461,201.80761315835753,2.3915630755884285,
209.97369111836,2.492037353363476,202.16200300920536,2.3925699622220535,
210.356156858102,2.4933245635084913,202.51634360328717,2.393566902939773,
210.73862259784403,2.494601967003507,202.87063494744962,2.3945538991238924,
211.12108833758603,2.4958695638485224,203.22487704853756,2.395530952156533,
211.50355407732803,2.4971273540435375,203.57906991339541,2.396498063419817,
211.88601981707004,2.498375337588554,203.93321354886666,2.3974552342955904,
212.26848555681204,2.4996135144835687,204.28730796179343,2.3984024661653307,
212.65095129655404,2.500841884728584,204.6413531590174,2.3993397604104243,
213.03341703629604,2.5020604483235998,204.99534914737933,2.4002671184123487,
213.41588277603805,2.503269205268615,205.34929593371817,2.4011845415518476,
213.79834851578005,2.50446815556363,205.70319352487286,2.4020920312100302,
214.18081425552205,2.5056572992086457,206.05704192768144,2.402989588767456,
214.56327999526405,2.5068366362036616,206.41084114898013,2.403877215604499,
214.94574573500606,2.508006166548677,206.76459119560423,2.404754913101535,
215.32821147474806,2.5091658902436924,207.1182920743895,2.405622682638662,
215.71067721449006,2.5103158072887077,207.47194379216944,2.406480525595796,
216.09314295423206,2.511455917683723,207.82554635577708,2.4073284433524833,
216.47560869397407,2.512586221428738,208.17909977204363,2.408166437288364,
216.85807443371607,2.5137067185237534,208.53260404780121,2.408994508782618,
217.24054017345807,2.514817408968769,208.88605918987923,2.409812659214608,
217.62300591320007,2.515918292763785,209.23946520510617,2.410620889963054,
218.00547165294208,2.5170093699088003,209.59282210031188,2.411419202406768,
218.38793739268408,2.5180906404038157,209.9461298823221,2.412207597924286,
218.77040313242608,2.519162104248831,210.299388557964,2.4129860778939602,
219.15286887216809,2.5202237614438463,210.65259813406237,2.413754643694051,
219.5353346119101,2.521275611988862,211.00575861744164,2.4145132967023586,
219.9178003516521,2.522317655883877,211.35887001492483,2.4152620382968673,
220.30026609139412,2.523349893128893,211.71193233333497,2.4160008698549182,
220.68273183113612,2.5243723237239086,212.06494557949327,2.416729792754036,
221.06519757087813,2.5253849476689236,212.4179097602214,2.417448808371561,
221.44766331062013,2.526387764963939,212.77082488233737,2.418157918084283,
221.83012905036213,2.5273807756089544,213.12369095266104,2.4188571232693588,
222.21259479010413,2.52836397960397,213.47650797800907,2.4195464253030257,
222.59506052984614,2.5293373769489853,213.82927596519903,2.420225825561797,
222.97752626958814,2.530300967644001,214.18199492104623,2.4208953254221863,
223.35999200933014,2.5312547516890165,214.5346648523664,2.4215549262601557,
223.74245774907214,2.5321987290840315,214.8872857659726,2.42220462945139,
224.12492348881415,2.533132899829047,215.23985766867827,2.422844436371668,
224.50738922855615,2.534057263924063,215.59238056729555,2.4234743483965837,
224.88985496829815,2.534971821369078,215.94485446863473,2.4240943669012704,
225.27232070804016,2.535876572164093,216.29727937950702,2.4247044932609554,
225.65478644778216,2.536771516309109,216.6496553067209,2.425304728850405,
226.03725218752416,2.5376566538041243,217.00198225708482,2.425895075044569,
226.41971792726616,2.53853198464914,217.35426023740638,2.4264755332177548,
226.80218366700817,2.5393975088441554,217.70648925449177,2.4270461047443606,
227.18464940675017,2.5402532263891704,218.05866931514583,2.4276067909986017,
227.56711514649217,2.541099137284186,218.41080042617386,2.4281575933544173,
227.94958088623417,2.5419352415292016,218.76288259437933,2.428698513185654,
228.33204662597618,2.5427615391242173,219.11491582656436,2.4292295518657,
228.71451236571818,2.5435780300692326,219.4669001295306,2.429750710768034,
229.09697810546018,2.5443847143642477,219.81883551007877,2.43026199126586,
229.47944384520218,2.5451815920092633,220.1707219750092,2.430763394732197,
229.86190958494421,2.545968663004279,220.5225595311199,2.4312549225396975,
230.24437532468622,2.546745927349294,220.87434818520933,2.431736576061105,
230.62684106442822,2.5475133850443097,221.2260879440737,2.4322083566690718,
231.00930680417022,2.5482710360893246,221.5777788145101,2.43267026573533,
231.39177254391223,2.5490188804843403,221.9294208033125,2.433122304632532,
231.77423828365423,2.5497569182293556,222.28101391727478,2.4335644747319503,
232.15670402339623,2.5504851493243708,222.63255816319133,2.433996777405777,
232.53916976313823,2.551203573769387,222.98405354785382,2.4344192140251013,
232.92163550288024,2.5519121915644023,223.33550007805297,2.434831785961288,
233.30410124262224,2.5526110027094178,223.68689776057954,2.4352344945857016,
233.68656698236424,2.5533000072044336,224.03824660222244,2.4356273412687877,
234.06903272210624,2.5539792050494485,224.38954660977106,2.436010327381727,
234.45149846184825,2.554648596244464,224.74079779001113,2.4363834542945977,
234.83396420159025,2.5553081807894795,225.09200014973112,2.43674672337812,
235.21642994133225,2.5559579586844947,225.4431536957154,2.43710013600228,
235.59889568107425,2.5565979299295103,225.79425843474883,2.437443693536972,
235.98136142081626,2.5572280945245254,226.14531437361575,2.437777397351997,
236.36382716055826,2.557848452469541,226.49632151909782,2.4381012488169733,
236.74629290030026,2.5584590037645563,226.84727987797805,2.438415249301427,
237.12875864004226,2.559059748409572,227.19818945703582,2.4387194001740564,
237.51122437978427,2.559650686404587,227.54905026305232,2.4390137028043872,
237.89369011952627,2.560231817749603,227.89986230280647,2.439298158561027,
238.27615585926827,2.5608031424446187,228.25062558307536,2.4395727688125812,
238.65862159901027,2.561364660489634,228.601340110637,2.439837534927473,
239.04108733875228,2.5619163718846494,228.95200589226715,2.4400924582739414,
239.4235530784943,2.5624582766296644,229.30262293474152,2.440337540220041,
239.8060188182363,2.56299037472468,229.65319124483358,2.4405727821337355,
240.1884845579783,2.5635126661696956,230.0037108293168,2.4407981853825276,
240.57095029772032,2.564025150964711,230.35418169496415,2.4410137513340127,
240.95341603746232,2.564527829109726,230.7046038485464,2.441219481355326,
241.33588177720432,2.565020700604742,231.0549772968352,2.4414153768138798,
241.71834751694632,2.565503765449757,231.40530204659854,2.441601439076165,
242.10081325668833,2.5659770236447725,231.75557810460577,2.441777669509318,
242.48327899643033,2.5664404751897876,232.10580547762493,2.4419440694796464,
242.86574473617233,2.566894120084803,232.45598417242263,2.4421006403534586,
243.24821047591433,2.5673379583298184,232.80611419576462,2.442247383497063,
243.63067621565634,2.5677719899248346,233.15619555441526,2.4423843002762156,
244.01314195539834,2.5681962148698503,233.50622825513847,2.4425113920568564,
244.39560769514034,2.5686106331648655,233.85621230469815,2.442628660204467,
244.77807343488234,2.569015244809881,234.20614770985594,2.4427361060843436,
245.16053917462435,2.569410049804896,234.55603447737258,2.4428337310619668,
245.54300491436635,2.5697950481499117,234.90587261400833,2.442921536502082,
245.92547065410835,2.570170239844927,235.25566212652257,2.4429995237697097,
246.30793639385035,2.5705356248899425,235.6054030216742,2.443067694229412,
246.69040213359236,2.570891203284958,235.95509530621894,2.443126049245474,
247.07286787333436,2.571236975029973,236.3047389869148,2.443174590182456,
247.45533361307636,2.5715729401249883,236.6543340705166,2.4432133184041853,
247.83779935281837,2.571899098570004,237.0038805637787,2.4432422352745786,
248.22026509256037,2.572215450365019,237.35337847345454,2.443261342157462,
248.60273083230237,2.5725219955100345,237.7028278062976,2.4432706404159257,
248.9851965720444,2.572818734005051,238.05222856905903,2.4432701314136116,
249.3676623117864,2.573105665850066,238.4015807684891,2.4432598165137938,
249.7501280515284,2.5733827910450815,238.75088441133903,2.4432396970791026,
250.1325937912704,2.573650109590097,239.10013950435678,2.443209774472261,
250.5150595310124,2.5739076214851124,239.44934605429034,2.443170050055899,
250.89752527075441,2.5741553267301276,239.79850406788637,2.4431205251924633,
251.27999101049642,2.574393225325143,240.14761355189194,2.443061201244033,
251.66245675023842,2.574621317270158,240.4966745130514,2.4429920795725035,
252.04492248998042,2.5748396025651736,240.84568695810913,2.4429131615397695,
252.42738822972242,2.575048081210189,241.1946508938081,2.4428244485074497,
252.80985396946443,2.575246753205205,241.54356632689178,2.44272594183698,
253.19231970920643,2.57543561855022,241.89243326410087,2.4426176428893367,
253.57478544894843,2.5756146772452353,242.2412517121752,2.4424995530258617,
253.95725118869044,2.575783929290251,242.59002167785502,2.442371673607256,
254.33971692843244,2.575943374685267,242.93874316787833,2.4422340059941265,
254.72218266817444,2.5760930134302824,243.28741618898403,2.442086551547082,
255.10464840791644,2.576232845525298,243.63604074790783,2.44192931162627,
255.48711414765845,2.5763628709703132,243.984616851385,2.441762287591931,
255.86957988740045,2.5764830897653286,244.3331445061517,2.4415854808036617,
256.2520456271425,2.576593501910344,244.68162371894095,2.441398892621426,
256.63451136688445,2.576694107405359,245.03005449648617,2.4412025244046367,
257.0169771066265,2.5767849062503747,245.378436845519,2.4409963775127066,
257.39944284636846,2.57686589844539,245.72677077277012,2.4407804533046806,
257.7819085861105,2.5769370839904053,246.0750562849712,2.4405547531396037,
258.16437432585246,2.576998462885421,246.4232933888502,2.4403192783762444,
258.5468400655945,2.577050035130436,246.77148209113602,2.440074030373189,
258.92930580533647,2.5770918007254515,247.1196223985553,2.439819010488562,
259.3117715450785,2.577123759670467,247.4677143178351,2.439554220080857,
259.6942372848205,2.577145911965482,247.81575785570067,2.439279660508016,
260.0767030245625,2.5771582576104985,248.16375301887638,2.43899533312798,
260.4591687643045,2.5771607966055137,248.51169981408657,2.4387012392980476,
260.8416345040465,2.577153528950529,248.85959824805286,2.4383973803758847,
261.2241002437885,2.5771364546455446,249.2074483274978,2.438083757718605,
261.6065659835305,2.57710957369056,249.55525005914205,2.437760372683599,
261.9890317232725,2.5770728860855754,249.903003449705,2.437427226627337,
262.3714974630145,2.5770263918305907,250.25070850590646,2.437084320906841,
262.7539632027565,2.576970090925606,250.59836523446347,2.4367316568783983,
263.1364289424985,2.576903983370621,250.94597364209403,2.4363692358982956,
263.51889468224056,2.5768280691656367,251.29353373551385,2.435997059322727,
263.90136042198253,2.576742348310652,251.64104552143772,2.4356151285077963,
264.28382616172456,2.576646820805667,251.9885090065809,2.4352234448089622,
264.66629190146654,2.576541486650683,252.3359241976559,2.434822009582052,
265.04875764120857,2.576426345845698,252.6832911013753,2.4344108241821574,
265.43122338095054,2.5763013983907146,253.0306097244502,2.433989889964553,
265.8136891206926,2.57616664428573,253.37788007359268,2.4335592082844233,
266.19615486043455,2.5760220835307455,253.72510215551029,2.4331187804963994,
266.5786206001766,2.5758677161257606,254.07227597691326,2.4326686079550215,
266.96108633991855,2.575703542070776,254.41940154450867,2.4322086920147377,
267.3435520796606,2.575529561365791,254.76647886500314,2.4317390340299037,
267.72601781940256,2.5753457740108066,255.11350794510327,2.4312596353545994,
268.1084835591446,2.5751521800058224,255.4604887915134,2.430770497342538,
268.49094929888656,2.574948779350837,255.80742141093788,2.4302716213476154,
268.8734150386286,2.574735572045853,256.1543058100797,2.4297630087231767,
269.25588077837057,2.574512558090868,256.5011419956404,2.429244660822198,
269.6383465181126,2.5742797374858837,256.84792997432214,2.4287165789984844,
270.0208122578546,2.574037110230899,257.1946697528251,2.428178764604277,
270.4032779975966,2.5737846763259142,257.5413613378478,2.4276312189926452,
270.7857437373386,2.5735224357709297,257.8880047360899,2.427073943516289,
271.1682094770806,2.573250388565946,258.23459995424764,2.426506939527267,
271.5506752168226,2.572968534710961,258.5811469990181,2.4259302083777285,
271.9331409565646,2.5726768742059765,258.9276458770978,2.425343751420006,
272.3156066963066,2.572375407050992,259.2740965951798,2.4247475700055148,
272.6980724360486,2.5720641332460072,259.6204991599593,2.4241416654860353,
273.08053817579065,2.571743052791023,259.9668535781284,2.4235260392129825,
273.4630039155326,2.5714121656860383,260.3131598563791,2.4229006925374943,
273.84546965527466,2.5710714719310532,260.6594180014026,2.422265626810892,
274.22793539501663,2.5707209715260686,261.0056280198887,2.4216208433835793,
274.61040113475866,2.5703606644710844,261.35178991852626,2.4209663436065094,
274.99286687450063,2.5699905507660996,261.69790370400415,2.420302128830178,
275.37533261424267,2.5696106304111153,262.0439693830094,2.419628200404711,
275.75779835398464,2.5692209034061304,262.38998696222825,2.4189445596805115,
276.14026409372667,2.568821369751146,262.73595644834677,2.4182512080072462,
276.52272983346865,2.568412029446162,263.08187784804795,2.417548146734583,
276.9051955732107,2.5679928824911773,263.4277511680166,2.4168353772122804,
277.28766131295265,2.5675639288861927,263.7735764149347,2.4161129007895457,
277.6701270526947,2.567125168631208,264.1193535954844,2.4153807188155865,
278.05259279243666,2.5666766017262233,264.46508271634593,2.4146388326392425,
278.4350585321787,2.566218228171239,264.8107637841995,2.4138872436096293,
278.81752427192066,2.565750047966254,265.15639680572394,2.4131259530751263,
279.1999900116627,2.5652720611112696,265.5019817875973,2.4123549623841143,
279.58245575140467,2.564784267606285,265.84751873649657,2.411574272885065,
279.9649214911467,2.5642866674513005,266.19300765909793,2.4107838859257145,
280.34738723088867,2.563779260646316,266.53844856207616,2.4099838028540748,
280.7298529706307,2.563262047191331,266.8838414521065,2.409174025017699,
281.1123187103727,2.562735027086346,267.22918633586096,2.408354553764231,
281.4947844501147,2.5621982003313617,267.57448322001255,2.4075253904408562,
281.8772501898567,2.561651566926378,267.9197321112333,2.406686536394759,
282.2597159295987,2.5610951268713933,268.2649330161935,2.4058379929726645,
282.64218166934074,2.5605288801664083,268.6100859415619,2.4049797615215733,
283.0246474090827,2.5599528268114238,268.9551908940084,2.4041118433879354,
283.40711314882475,2.5593669668064396,269.3002478802,2.403234239918015,
283.7895788885667,2.558771300151455,269.64525690680375,2.402346952457895,
284.17204462830875,2.55816582684647,269.9902179804858,2.4014499823537476,
284.5545103680507,2.557550546891486,270.3351311079109,2.4005433309514714,
284.93697610779276,2.5569254602865015,270.67999629574297,2.3996269995963195,
285.31944184753473,2.5562905670315166,271.0248135506454,2.398700989633914,
285.70190758727676,2.5556458671265316,271.3695828792802,2.3977653024096015,
286.08437332701874,2.5549913605715475,271.714304288309,2.396819939268176,
286.46683906676077,2.5543270473665625,272.0589777843925,2.395864901554891,
286.84930480650274,2.553652927511578,272.40360337418906,2.394900190613898,
287.2317705462448,2.552969001006593,272.7481810643576,2.3939258077899908,
287.61423628598675,2.5522752678516096,273.09271086155604,2.3929417544273206,
287.9967020257288,2.551571728046625,273.43719277244054,2.3919480318702213,
288.37916776547075,2.5508583815916404,273.7816268036672,2.390944641462385,
288.7616335052128,2.5501352284866554,274.1260129618913,2.38993158454787,
289.14409924495476,2.5494022687316713,274.47035125376624,2.3889088624699077,
289.5265649846968,2.5486595023266867,274.8146416859445,2.3878764765718214,
289.90903072443876,2.5479069292717016,275.1588842650781,2.386834428197118,
290.2914964641808,2.5471445495667173,275.50307899781956,2.385782718688478,
290.67396220392277,2.546372363211732,275.84722589081775,2.3847213493888564,
291.0564279436648,2.5455903702067477,276.191324950722,2.3836503216409333,
291.4388936834068,2.5447985705517633,276.5353761841816,2.3825696367868363,
291.8213594231488,2.543996964246779,276.87937959784267,2.381479296169337,
292.20382516289084,2.543185551291794,277.2233351983523,2.380379301130013,
292.5862909026328,2.542364331686809,277.56724299235657,2.379269653010899,
292.96875664237484,2.541533305431826,277.9111029864994,2.3781503531537567,
293.3512223821168,2.540692472526841,278.25491518742456,2.3770214028997936,
293.73368812185885,2.5398418329718564,278.59867960177553,2.3758828035906787,
294.1161538616008,2.5389813867668716,278.9423962361934,2.374734556567529,
294.49861960134285,2.538111133911887,279.28606509731935,2.3735766631710016,
294.8810853410848,2.537231074406902,279.6296861917931,2.3724091247420285,
295.26355108082686,2.536341208251918,279.9732595262549,2.3712319426212676,
295.64601682056883,2.535441535446933,280.31678510734173,2.3700451181487323,
296.02848256031086,2.5345320559919484,280.66026294169114,2.3688486526650796,
296.41094830005284,2.533612769886964,281.0036930359397,2.367642547510047,
296.79341403979487,2.532683677131979,281.34707539672263,2.3664268040235563,
297.17587977953684,2.531744777726995,281.69041003067514,2.3652014235450696,
297.5583455192789,2.5307960716720097,282.03369694442927,2.363966407414232,
297.94081125902085,2.5298375589670257,282.3769361446193,2.362721756970138,
298.3232769987629,2.5288692396120416,282.7201276378755,2.3614674735521577,
298.70574273850485,2.5278911136070574,283.0632714308299,2.3602035584988332,
299.0882084782469,2.5269031809520723,283.40636753011177,2.358930013149167,
299.47067421798886,2.525905441647088,283.74941594234997,2.3576468388413336,
299.8531399577309,2.5248978956921033,284.0924166741729,2.3563540369139675,
300.23560569747286,2.5238805430871185,284.4353697322076,2.355051608705151,
300.6180714372149,2.522853383832134,284.7782751230802,2.3537395555526923,
301.00053717695687,2.521816417927149,285.1211328534155,2.352417878794673,
301.3830029166989,2.5207696453721646,285.4639429298386,2.351086579768349,
301.76546865644093,2.51971306616718,285.8067053589725,2.3497456598112514,
302.1479343961829,2.518646680312195,286.1494201474402,2.3483951202606352,
302.53040013592494,2.5175704878072107,286.49208730186274,2.3470349624534803,
302.9128658756669,2.516484488652226,286.8347068288608,2.3456651877266737,
303.29533161540894,2.515388682847241,287.17727873505464,2.34428579741692,
303.6777973551509,2.5142830703922567,287.5198030270626,2.3428967928604627,
304.06026309489295,2.513167651287273,287.8622797115031,2.3414981753938213,
304.4427288346349,2.5120424255322886,288.2047087949927,2.340089946353148,
304.82519457437695,2.510907393127304,288.5470902841471,2.338672107074044,
305.2076603141189,2.5097625540723194,288.88942418558236,2.3372446588924767,
305.59012605386096,2.5086079083673343,289.23171050591236,2.3358076031440467,
305.97259179360293,2.5074434560123495,289.57394925175004,2.3343609411639865,
306.35505753334496,2.506269197007365,289.9161404297088,2.3329046742876214,
306.73752327308694,2.5050851313523803,290.25828404639833,2.3314388038495393,
307.11998901282897,2.503891259047396,290.6003801084307,2.329963331184882,
307.50245475257094,2.5026875800924113,290.94242862241526,2.3284782576283303,
307.884920492313,2.5014740944874267,291.28442959496033,2.326983584514197,
308.26738623205495,2.500250802232442,291.6263830326743,2.325479313176612,
308.649851971797,2.4990177033274574,291.9682889421638,2.3239654449497964,
309.03231771153895,2.4977747977724727,292.3101473300344,2.3224419811676036,
309.414783451281,2.4965220855674892,292.65195820289136,2.320908923163704,
309.79724919102296,2.4952595667125044,292.993721567339,2.319366272271399,
310.179714930765,2.49398724120752,293.33543742998063,2.31781402982445,
310.56218067050696,2.492705109052535,293.67710579741833,2.316252197155516,
310.944646410249,2.4914131702475504,294.0187266762532,2.3146807755978984,
311.327112149991,2.490111424792566,294.3603000730859,2.313099766484072,
311.709577889733,2.4887998726875815,294.70182599451664,2.311509171146971,
312.09204362947503,2.487478513932597,295.0433044471429,2.30990899091861,
312.474509369217,2.486147348527612,295.384735437563,2.3082992271314637,
312.85697510895903,2.484806376472627,295.7261189723745,2.306679881117547,
313.239440848701,2.4834555977676427,296.06745505817116,2.3050509542085984,
313.62190658844304,2.482095012412658,296.4087437015505,2.3034124477361733,
314.004372328185,2.4807246204076736,296.74998490910457,2.3017643630319187,
314.38683806792704,2.4793444217526885,297.09117868742715,2.3001067014269303,
314.769303807669,2.4779544164477048,297.4323250431107,2.2984394642525787,
315.15176954741105,2.4765546044927205,297.77342398274595,2.2967626528395924,
315.534235287153,2.4751449858877357,298.11447551292395,2.2950762685186983,
315.91670102689505,2.4737255606327513,298.45547964023353,2.293380312620532,
316.29916676663703,2.472296328727767,298.796436371264,2.2916747864752702,
316.68163250637906,2.470857290172782,299.1373457126024,2.2899596914130886,
317.06409824612103,2.4694084449677978,299.4782076708357,2.288235028764347,
317.44656398586307,2.4679497931128127,299.8190222525491,2.2865007998584863,
317.82902972560504,2.466481334607828,300.1597894643278,2.2847570060252225,
318.21149546534707,2.4650030694528433,300.5005093127561,2.2830036485939957,
318.59396120508904,2.4635149976478585,300.8411818044169,2.281240728893879,
318.9764269448311,2.462017119192874,301.18180694589273,2.279468248254313,
319.35889268457305,2.4605094340878892,301.5223847437637,2.277686208003911,
319.7413584243151,2.4589919423329047,301.862915204611,2.2758946094713774,
320.12382416405705,2.45746464392792,302.2033983350143,2.274093453985418,
320.5062899037991,2.4559275388729365,302.54383414155063,2.272282742874001,
320.8887556435411,2.4543806271679522,302.88422263079883,2.2704624774655566,
321.2712213832831,2.452823908812967,303.224563809335,2.2686326590878703,
321.6536871230251,2.4512573838079827,303.5648576837357,2.2667932890689113,
322.0361528627671,2.4496810521529984,303.9051042605747,2.264944368736005,
322.4186186025091,2.4480949138480135,304.2453035464264,2.2630858994168466,
322.8010843422511,2.446498968893029,304.5854555478636,2.2612178824384843,
323.18355008199313,2.444893217288044,304.9255602714584,2.259340319127878,
323.5660158217351,2.4432776590330594,305.2656177237827,2.257453210812076,
323.94848156147714,2.441652294128075,305.60562791140546,2.2555565588174864,
324.3309473012191,2.4400171225730904,305.9455908408968,2.253650364470791,
324.71341304096114,2.4383721443681052,306.2855065188246,2.2517346290982116,
325.0958787807031,2.436717359513121,306.6253749517573,2.249809354025972,
325.47834452044515,2.4350527680081364,306.9651961462614,2.2478745405797422,
325.8608102601871,2.433378369853153,307.3049701089012,2.245930190085654,
326.24327599992915,2.4316941650481683,307.6446968462428,2.243976303868826,
326.6257417396711,2.4300001535931837,307.98437636485005,2.242012883254929,
327.00820747941316,2.4282963354881986,308.3240086712849,2.2400399295688995,
327.39067321915513,2.426582710733214,308.66359377211074,2.2380574441362233,
327.77313895889716,2.4248592793282295,309.00313167388686,2.2360654282811017,
328.15560469863914,2.4231260412732447,309.3426223831757,2.234063883328561,
328.53807043838117,2.4213829965682603,309.6820659065347,2.2320528106029855,
328.92053617812314,2.4196301452132754,310.02146225052365,2.230032211428667,
329.3030019178652,2.417867487208291,310.36081142169905,2.2280020871296218,
329.68546765760715,2.416095022553306,310.7001134266179,2.225962439029682,
330.0679333973492,2.4143127512483216,311.0393682718359,2.2239132684528635,
330.4503991370912,2.412520673293337,311.3785759639072,2.221854576722355,
330.8328648768332,2.4107187886883525,311.71773650938576,2.2197863651616214,
331.2153306165752,2.4089070974333686,312.05684991482576,2.2177086350939432,
331.5977963563172,2.407085599528384,312.3959161867774,2.215621387841957,
331.9802620960592,2.4052542949733997,312.73493533179317,2.2135246247290348,
332.3627278358012,2.4034131837684147,313.07390735642275,2.211418347077355,
332.7451935755432,2.40156226591343,313.412832267215,2.2093025562092783,
333.1276593152852,2.3997015414084455,313.7517100707191,2.20717725344735,
333.51012505502723,2.397831010253461,314.09054077348173,2.205042440113563,
333.8925907947692,2.395950672448476,314.4293243820498,2.2028981175296356,
334.27505653451124,2.394060527993492,314.7680609029694,2.2007442870174687,
334.6575222742532,2.392160576888507,315.1067503427844,2.1985809498984126,
335.03998801399524,2.3902508191335223,315.445392708039,2.1964081074938164,
335.4224537537372,2.388331254728538,315.78398800527657,2.194225761124939,
335.80491949347925,2.386401883673553,316.12253624103823,2.1920339121125783,
336.1873852332212,2.3844627059685686,316.4610374218655,2.189832561777532,
336.56985097296325,2.382513721613584,316.7994915542986,2.187621711440507,
336.9523167127052,2.3805549306086,317.1378986448776,2.1854013624220254,
337.33478245244726,2.3785863329536157,317.4762587001387,2.183171516041874,
337.71724819218923,2.376607928648631,317.8145717266216,2.180932173620483,
338.09971393193126,2.3746197176936463,318.1528377308614,2.178683336477549,
338.48217967167324,2.372621700088662,318.49105671939515,2.1764250059328565,
338.86464541141527,2.3706138758336768,318.82922869875574,2.174157183305826,
339.24711115115724,2.3685962449286926,319.16735367547835,2.171879869915693,
339.6295768908993,2.3665688073737075,319.5054316560954,2.1695930670815997,
340.0120426306413,2.364531563168723,319.84346264713895,2.1672967761225985,
340.3945083703833,2.3624845123137383,320.18144665514,2.1649909983574642,
340.7769741101253,2.360427654808754,320.5193836866297,2.1626757351046053,
341.1594398498673,2.358360990653769,320.85727374813587,2.1603509876825213,
341.5419055896093,2.3562845198487845,321.1951168461874,2.1580167574095275,
341.9243713293513,2.3541982423938004,321.5329129873121,2.155673045603297,
342.3068370690933,2.352102158288816,321.8706621780366,2.1533198535819613,
342.6893028088353,2.3499962675338315,322.20836442488553,2.1509571826631926,
343.0717685485773,2.3478805701288468,322.546019734385,2.148585034164388,
343.4542342883193,2.3457550660738624,322.88362811305797,2.1462034094028515,
343.83670002806133,2.3436197553688776,323.2211895674277,2.1438123096955195,
344.2191657678033,2.3414746380138927,323.5587041040162,2.1414117363596974,
344.60163150754533,2.3393197140089086,323.8961717293446,2.139001690711954,
344.9840972472873,2.337154983353924,324.233592449933,2.136582174068674,
345.36656298702934,2.334980446048939,324.5709662723002,2.1341531877462425,
345.7490287267713,2.3327961020939547,324.908293202966,2.1317147330611372,
346.13149446651335,2.33060195148897,325.24557324844636,2.1292668113290993,
346.5139602062553,2.3283979942339856,325.5828064152588,2.1268094238662383,
346.89642594599735,2.326184230329001,325.91999270991846,2.124342571987744,
347.2788916857393,2.3239606597740154,326.2571321389405,2.1218662570097253,
347.66135742548136,2.3217272825690323,326.5942247088392,2.119380480246729,
348.04382316522333,2.3194840987140477,326.9312704261265,2.116885243014589,
348.42628890496536,2.3172311082090626,327.2682692973149,2.114380546627575,
348.80875464470734,2.314968311054078,327.6052213289163,2.1118663924006933,
349.19122038444937,2.3126957072490937,327.94212652743954,2.1093427816486745,
349.5736861241914,2.310413296794109,328.27898489939525,2.106809715685697,
349.95615186393337,2.3081210796891245,328.61579645129086,2.1042671958257553,
350.3386176036754,2.3058190559341396,328.95256118963425,2.1017152233831204,
350.7210833434174,2.303507225529155,329.28927912093286,2.0991537996716025,
351.1035490831594,2.301185588474171,329.62595025169185,2.096582926004737,
351.4860148229014,2.2988541447691855,329.96257458841546,2.0940026036960595,
351.8684805626434,2.2965128944142013,330.29915213760796,2.091412834058736,
352.2509463023854,2.2941618374092165,330.6356829057727,2.0888136184057506,
352.6334120421274,2.291800973754232,330.97216689941115,2.086204958050363,
353.0158777818694,2.2894303034492474,331.3086041250249,2.083586854305004,
353.3983435216114,2.287049826494264,331.64499458911496,2.0809593084823814,
353.7808092613534,2.284659542889279,331.9813382981797,2.0783223218947438,
354.1632750010954,2.2822594526342943,332.3176352587184,2.0756758958543378,
354.5457407408374,2.2798495557293093,332.65388547722796,2.073020031672953,
354.92820648057943,2.2774298521743255,332.99008896020496,2.070354730662744,
355.3106722203214,2.2750003419693403,333.32624571414544,2.0676799941351325,
355.69313796006344,2.2725610251143555,333.6623557455455,2.0649958234015378,
356.0756036998054,2.270111901609371,333.99841906089705,2.062302219773289,
356.45806943954744,2.267652971454387,334.3344356666944,2.0595991845615305,
356.8405351792894,2.2651842346494018,334.6704055694295,2.0568867190770392,
357.22300091903145,2.262705691194417,335.00632877559383,2.0541648246304085,
357.6054666587734,2.260217341089432,335.3422052916776,2.0514335025325985,
357.98793239851545,2.257719184334448,335.6780351241696,2.0486927540935587,
358.3703981382574,2.2552112209294632,336.0138182795595,2.045942580623698,
358.75286387799946,2.25269345087448,336.34955476433424,2.0431829834327826,
359.1353296177415,2.250165874169495,336.68524458498086,2.0404139638307615,
359.51779535748346,2.2476284908145105,337.0208877479854,2.037635523127308,
359.9002610972255,2.2450813008095256,337.35648425983254,2.03484766263182,
360.28272683696747,2.242524304154541,337.69203412700654,2.032050383653696,
360.6651925767095,2.239957500849556,338.02753735599026,2.0292436875015056,
361.0476583164515,2.2373808908945723,338.3629939532666,2.02642757548483,
361.4301240561935,2.234794474289587,338.69840392531523,2.0236020489119646,
361.8125897959355,2.2321982510346023,339.03376727861905,2.0207671090913877,
362.1950555356775,2.229592221129618,339.36908401965593,2.017922757331669,
362.5775212754195,2.226976384574633,339.7043541549051,2.0150689949409193,
362.9599870151615,2.2243507413696486,340.03957769084354,2.0122058232270654,
363.3424527549035,2.2217152915146636,340.3747546339496,2.0093332434979425,
363.7249184946455,2.21907003500968,340.70988499069836,2.006451257061201,
364.1073842343875,2.216414971854695,341.04496876756457,2.0035598652243998,
364.4898499741295,2.213750102049711,341.38000597102246,2.000659069294455,
364.8723157138715,2.2110754255947267,341.71499660754625,1.9977488705787405,
365.25478145361353,2.208390942489742,342.049940683607,1.9948292703840809,
365.6372471933555,2.2056966527347575,342.38483820567717,1.9919002700172073,
366.01971293309754,2.2029925563297725,342.7196891802264,1.9889618707845755,
366.4021786728395,2.200278653274788,343.0544936137253,1.9860140739925491,
366.78464441258154,2.197554943569803,343.3892515126422,1.9830568809474,
367.1671101523235,2.1948214272148183,343.7239628834445,1.9800902929549404,
367.54957589206555,2.192078104209834,344.05862773260014,1.9771143113212584,
367.9320416318075,2.1893249745548493,344.3932460665742,1.974128937351706,
368.31450737154955,2.186562038249865,344.72781789183273,1.9711341723517277,
368.6969731112916,2.18378929529488,345.0623432148391,1.9681300176267682,
369.07943885103356,2.1810067456898956,345.396822042057,1.9651164744819039,
369.4619045907756,2.1782143894349106,345.7312543799494,1.9620935442218435,
369.84437033051756,2.175412226529927,346.0656402349773,1.959061228151388,
370.2268360702596,2.1726002569749427,346.3999796136013,1.956019527575246,
370.60930181000157,2.169778480769957,346.7342725222816,1.9529684437976673,
370.9917675497436,2.1669468979149737,347.06851896747685,1.9499079781225328,
371.3742332894856,2.164105508409988,347.40271895564547,1.9468381318543675,
371.7566990292276,2.1612543122550036,347.7368724932435,1.9437589062965932,
372.1391647689696,2.1583933094500187,348.07097958672784,1.9406703027529073,
372.5216305087116,2.155522499995034,348.40504024255415,1.9375723225268238,
372.9040962484536,2.15264188389005,348.7390544671757,1.934464966921672,
373.2865619881956,2.1497514611350654,349.0730222670477,1.9313482372404145,
373.6690277279376,2.1468512317300803,349.40694364862065,1.9282221347861046,
374.0514934676796,2.1439411956750964,349.7408186183475,1.925086660861337,
374.4339592074216,2.141021352970112,350.0746471826783,1.9219418167684301,
374.8164249471636,2.1380917036151272,350.4084293480646,1.9187876038102538,
375.1988906869056,2.1351522476101428,350.74216512095336,1.915624023288667,
375.58135642664763,2.1322029849551587,351.07585450779425,1.912451076505804,
375.9638221663896,2.129243915650174,351.4094975150333,1.909268764763432,
376.34628790613164,2.126275039695189,351.7430941491175,1.9060770893630419,
376.7287536458736,2.1232963570902044,352.07664441649194,1.9028760516064003,
377.11121938561564,2.12030786783522,352.4101483236018,1.8996656527944467,
377.4936851253576,2.1173095719302353,352.7436058768899,1.896445894228488,
377.87615086509965,2.11430146937525,353.0770170827991,1.893216777209556,
378.2586166048417,2.111283560170266,353.4103819477723,1.8899783030381299,
378.64108234458365,2.1082558443152815,353.7437004782487,1.8867304730148733,
379.0235480843257,2.1052183218102964,354.0769726806693,1.8834732884399903,
379.40601382406766,2.102170992655312,354.4101985614734,1.880206750614052,
379.7884795638097,2.0991138568503276,354.7433781270993,1.8769308608366193,
380.17094530355166,2.096046914395343,355.07651138398387,1.8736456204079874,
380.5534110432937,2.0929701652903585,355.40959833856414,1.8703510306274411,
380.93587678303567,2.0898836095353746,355.74263899727475,1.8670470927946325,
381.3183425227777,2.086787247130389,356.0756333665513,1.8637338082088462,
381.7008082625197,2.083681078075405,356.40858145282755,1.8604111781690906,
382.0832740022617,2.0805651023704206,356.7414832625359,1.8570792039741906,
382.4657397420036,2.0774393200154364,357.0743388021083,1.8537378869232468,
382.8482054817456,2.0743037310104517,357.4071480779762,1.850387228314532,
383.23067122148757,2.0711583353554675,357.73991109656936,1.8470272294465035,
383.61313696122954,2.0680031330504844,358.0726278643183,1.8436578916174347,
383.9956027009715,2.064838124095499,358.40529838764996,1.840279216125414,
384.37806844071343,2.061663308490515,358.73792267299314,1.8368912042680718,
384.7605341804554,2.0584786862355307,359.07050072677293,1.833493857343037,
385.1429999201974,2.0552842573305474,359.4030325554163,1.8300871766482156,
385.52546565993936,2.052080021775562,359.7355181653479,1.8266711634804091,
385.9079313996813,2.0488659795705777,360.067957562992,1.8232458191370635,
386.29039713942325,2.045642130715594,360.40035075477044,1.8198111449150727,
386.6728628791652,2.0424084752106095,360.73269774710616,1.816367142110963,
387.0553286189072,2.0391650130556265,361.06499854642107,1.8129138120218125,
387.43779435864917,2.035911744250641,361.3972531591344,1.8094511559435034,
387.8202600983911,2.032648668795656,361.7294615916662,1.8059791751724705,
388.20272583813306,2.0293757866906734,362.06162385043535,1.8024978710048722,
388.58519157787504,2.0260930979356884,362.3937399418587,1.7990072447362235,
388.967657317617,2.0228006025307046,362.7258098723537,1.7955072976625908,
389.3501230573589,2.0194983004757203,363.0578336483368,1.7919980310793973,
389.7325887971009,2.0161861917707355,363.38981127622174,1.7884794462817901,
390.1150545368429,2.012864276415752,363.7217427624237,1.7849515445651,
390.49752027658485,2.009532554410768,364.05362811335544,1.7814143272239231,
390.87998601632677,2.0061910257557836,364.38546733542944,1.77786779555359,
391.26245175606874,2.0028396904507986,364.71726043505714,1.7743119508483287,
391.6449174958107,1.9994785484958155,365.0490074186491,1.7707467944027349,
392.0273832355527,1.9961075998908313,365.3807082926155,1.767172327510944,
392.40984897529466,1.9927268446358466,365.7123630633637,1.7635885514670924,
392.7923147150366,1.9893362827308614,366.0439717373033,1.7599954675648557,
393.17478045477856,1.9859359141758783,366.3755343208404,1.7563930770982783,
393.55724619452053,1.9825257389708948,366.707050820381,1.7527813813607604,
393.9397119342625,1.9791057571159099,367.03852124233117,1.7491603816454264,
394.3221776740044,1.9756759686109262,367.3699455930946,1.7455300792456767,
394.7046434137464,1.972236373455942,367.7013238790746,1.741890475454452,
395.08710915348837,1.9687869716509574,368.03265610667404,1.738241571564417,
395.46957489323034,1.965327763195974,368.3639422822944,1.7345833688684207,
395.8520406329723,1.9618587480909893,368.6951824123371,1.730915868658576,
396.23450637271424,1.9583799263360049,369.02637650320094,1.7272390722275477,
396.6169721124562,1.9548912979310218,369.357524561286,1.7235529808673573,
396.9994378521982,1.9513928628760364,369.68862659298975,1.719857595869658,
397.38190359194016,1.9478846211710532,370.01968260470903,1.7161529185261957,
397.7643693316821,1.9443665728160686,370.35069260284126,1.7124389501288073,
398.14683507142405,1.9408387178110853,370.6816565937811,1.708715691968503,
398.529300811166,1.9373010561561006,371.01257458392365,1.7049831453367523,
398.911766550908,1.9337535878511163,371.34344657966176,1.701241311524565,
399.2942322906499,1.9301963128961315,371.67427258738917,1.6974901918224918,
399.6766980303919,1.926629231291148,372.0050526134969,1.6937297875213582,
400.05916377013386,1.923052343036164,372.3357866643764,1.6899600999116229,
400.44162950987584,1.9194656481311794,372.66647474641786,1.6861811302836518,
400.8240952496178,1.9158691465761952,372.9971168660104,1.6823928799274441,
401.20656098935973,1.9122628383712124,373.32771302954234,1.6785953501330897,
401.5890267291017,1.908646723516228,373.6582632434015,1.6747885421900361,
401.9714924688437,1.9050208020112434,373.98876751397347,1.6709724573882814,
402.35395820858565,1.9013850738562599,374.3192258476447,1.6671470970166293,
402.73642394832757,1.897739539051275,374.6496382508003,1.6633124623649866,
403.11888968806954,1.8940841975962914,374.9800047298231,1.6594685547218804,
403.5013554278115,1.8904190494913073,375.31032529109643,1.6556153753763903,
403.8838211675535,1.8867440947363228,375.6405999410031,1.6517529256170436,
404.26628690729547,1.8830593333313386,375.97082868592406,1.647881206732552,
404.6487526470374,1.8793647652763557,376.30101153223904,1.644000220011075,
405.03121838677936,1.8756603905713705,376.63114848632813,1.6401099667407728,
405.41368412652133,1.8719462092163857,376.9612395545696,1.636210448209529,
405.7961498662633,1.8682222212114021,377.29128474334175,1.6323016657054117,
406.1786156060052,1.864488426556418,377.6212840590206,1.6283836205157531,
406.5610813457472,1.8607448252514345,377.95123750798257,1.6244563139280697,
406.9435470854892,1.8569914172964495,378.2811450966019,1.6205197472295096,
407.32601282523115,1.8532282026914648,378.61100683125414,1.6165739217074975,
407.70847856497306,1.8494551814364824,378.9408227183112,1.6126188386483542,
408.09094430471504,1.8456723535314985,379.2705927641464,1.6086544993392282,
408.473410044457,1.8418797189765133,379.6003169751302,1.6046809050663486,
408.855875784199,1.8380772777715293,379.92999535763465,1.6006980571162202,
409.23834152394096,1.8342650299165448,380.25962791802795,1.5967059567751642,
409.6208072636829,1.8304429754115616,380.58921466267975,1.59270460532895,
410.00327300342485,1.826611114256577,380.9187555979579,1.5886940040634387,
410.3857387431668,1.822769446451593,381.24825073022976,1.5846741542643081,
410.7682044829088,1.818917971996609,381.5777000658609,1.5806450572171433,
411.1506702226507,1.8150566908916257,381.9071036112168,1.5766067142068867,
411.5331359623927,1.811185603136641,382.2364613726627,1.5725591265188474,
411.91560170213467,1.8073047087316574,382.5657733565604,1.5685022954380599,
412.29806744187664,1.8034140076766725,382.89503956927365,1.5644362222490982,
412.6805331816186,1.7995134999716889,383.22426001716485,1.5603609082365362,
413.06299892136053,1.7956031856167056,383.5534347065932,1.5562763546846723,
413.4454646611025,1.791683064611721,383.88256364391964,1.5521825628778971,
413.8279304008445,1.7877531369567368,384.2116468355034,1.5480795341002331,
414.21039614058645,1.783813402651753,384.5406842877028,1.543967269635519,
414.59286188032837,1.7798638616967686,384.8696760068742,1.5398457707670414,
414.97532762007035,1.7759045140917846,385.1986219993755,1.535715038779007,
415.3577933598123,1.771935359836801,385.52752227156134,1.5315750749540595,
415.7402590995543,1.767956398931816,385.85637682978586,1.5274258805757615,
416.12272483929627,1.7639676313768324,386.1851856804042,1.5232674569269402,
416.5051905790382,1.7599690571718491,386.51394882976865,1.5190998052904232,
416.88765631878016,1.7559606763168636,386.8426662842303,1.5149229269486701,
417.27012205852213,1.7519424888118802,387.1713380501419,1.5107368231841403,
417.6525877982641,1.7479144946568972,387.49996413385315,1.5065414952792013,
418.035053538006,1.7438766938519128,387.8285445417132,1.5023369445158536,
418.417519277748,1.739829086396928,388.1570792800703,1.4981231721760044,
418.79998501749,1.7357716722919443,388.48556835527324,1.4939001795412863,
419.18245075723195,1.731704451536961,388.8140117736675,1.4896679678932394,
419.56491649697386,1.7276274241319765,389.1424095415987,1.4854265385133119,
419.94738223671584,1.7235405900769922,389.47076166541365,1.4811758926826761,
420.3298479764578,1.7194439493720084,389.7990681514548,1.476916031682137,
420.7123137161998,1.715337502017024,390.1273290060658,1.472646956792775,
421.09477945594176,1.7112212480120401,390.4555442355886,1.4683686692950266,
421.4772451956837,1.7070951873570566,390.7837138463656,1.4640811704695131,
421.85971093542565,1.7029593200520716,391.1118378447368,1.4597844615963955,
422.2421766751676,1.698813646097088,391.43991623704187,1.4554785439558346,
422.6246424149096,1.6946581654921047,391.7679490296191,1.451163418827808,
423.0071081546515,1.690492878237121,392.0959362288081,1.446839087492017,
423.3895738943935,1.6863177843321366,392.423877840944,1.442505551227979,
423.77203963413547,1.6821328837771519,392.7517738723641,1.4381628113152116,
424.15450537387744,1.6779381765721684,393.07962432940303,1.4338108690327727,
424.5369711136194,1.6737336627171844,393.4074292183959,1.429449725659904,
424.91943685336133,1.6695193422122008,393.73518854567556,1.4250793824754793,
425.3019025931033,1.6652952150572158,394.06290231757475,1.4206998407579128,
425.6843683328453,1.661061281252233,394.3905705404254,1.416311101785803,
426.06683407258726,1.6568175407972487,394.71819322055853,1.4119131668376559,
426.4492998123292,1.652563993692265,395.04577036430373,1.4075060371915178,
426.83176555207115,1.6483006399372797,395.37330197799065,1.4030897141253436,
427.2142312918131,1.6440274795322967,395.7007880679471,1.3986641989169957,
427.5966970315551,1.6397445124773122,396.0282286405004,1.3942294928438772,
427.979162771297,1.635451738772329,396.35562370197795,1.3897855971837585,
428.361628511039,1.6311491584173436,396.6829732587039,1.3853325132135832,
428.74409425078096,1.6268367714123595,397.0102773170038,1.380870242210662,
429.12655999052294,1.6225145777573775,397.3375358832018,1.37639878545203,
429.5090257302649,1.6181825774523924,397.6647489636198,1.3719181442140793,
429.8914914700068,1.6138407704974085,397.9919165645806,1.3674283197733847,
430.2739572097488,1.609489156892425,398.3190386924057,1.3629293134066143,
430.6564229494908,1.605127736637441,398.6461153534151,1.3584211263896993,
431.03888868923275,1.6007565097324574,398.973146553928,1.353903759998756,
431.42135442897467,1.5963754761774724,399.3001323002627,1.349377215509624,
431.80382016871664,1.5919846359724887,399.62707259873787,1.3448414941981437,
432.1862859084586,1.5875839891175063,399.95396745566995,1.340296597339511,
432.5687516482006,1.5831735356125207,400.28081687737404,1.3357425262091065,
432.95121738794256,1.5787532754575373,400.60762087016656,1.3311792820822184,
433.3336831276845,1.5743232086525534,400.9343794403612,1.3266068662336752,
433.71614886742645,1.569883335197569,401.2610925942704,1.3220252799383978,
434.09861460716843,1.5654336550925858,401.5877603382078,1.3174345244707548,
434.4810803469104,1.5609741683376013,401.9143826784839,1.3128346011052994,
434.8635460866523,1.5565048749326171,402.2409596214102,1.3082255111164,
435.2460118263943,1.5520257748776325,402.5674911732963,1.3036072557780582,
435.62847756613627,1.54753686817265,402.8939773404509,1.2989798363639071,
436.01094330587824,1.5430381548176662,403.22041812918224,1.2943432541480402,
436.39340904562016,1.5385296348126818,403.54681354579725,1.2896975104038149,
436.77587478536213,1.534011308157697,403.87316359660235,1.2850426064045888,
437.1583405251041,1.5294831748527142,404.1994682879031,1.2803785434236274,
437.5408062648461,1.5249452348977302,404.5257276260036,1.2757053227338289,
437.92327200458806,1.5203974882927456,404.851941617208,1.271022945608183,
438.30573774433,1.5158399350377623,405.17811026781874,1.2663314133191277,
438.68820348407195,1.5112725751327793,405.50423358413764,1.2616307271393776,
439.0706692238139,1.5066954085777942,405.8303115724666,1.2569208883411864,
439.4531349635559,1.5021084353728111,406.1563442391043,1.252201898196533,
439.8356007032978,1.4975116555178258,406.4823315903518,1.2474737579774877,
440.2180664430398,1.4929050690128436,406.8082736325059,1.2427364689556615,
440.60053218278176,1.488288675857859,407.13417037186446,1.2379900324029407,
440.98299792252374,1.483662476052875,407.4600218147252,1.2332344495905683,
441.3654636622657,1.4790264695978912,407.7858279673824,1.2284697217897873,
441.7479294020076,1.474380656492907,408.11158883613234,1.2236958502714732,
442.1303951417496,1.469725036737924,408.4373044272679,1.2189128363069608,
442.5128608814916,1.4650596103329396,408.7629747470828,1.2141206811666654,
442.89532662123355,1.4603843772779557,409.08859980186935,1.2093193861211868,
443.27779236097547,1.455699337572972,409.414179597919,1.2045089524407566,
443.66025810071744,1.451004491217988,409.73971414152174,1.1996893813956981,
444.0427238404594,1.4462998382130035,410.0652034389677,1.1948606742561514,
444.4251895802014,1.4415853785580202,410.3906474965461,1.1900228322916124,
444.8076553199433,1.4368611122530364,410.7160463205437,1.1851758567719453,
445.1901210596853,1.432127039298053,411.0413999172483,1.180319748966554,
445.57258679942726,1.4273831596930682,411.36670829294553,1.175454510144659,
445.95505253916923,1.4226294734380847,411.6919714539217,1.1705801415758483,
446.3375182789112,1.4178659805331006,412.01718940646015,1.1656966445284231,
446.7199840186531,1.413092680978117,412.34236215684496,1.1608040202715115,
447.1024497583951,1.4083095747731338,412.6674897113585,1.1559022700736903,
447.48491549813707,1.4035166619181492,412.9925720762826,1.1509913952031687,
447.86738123787904,1.398713942413165,413.31760925789877,1.1460713969285234,
448.24984697762096,1.393901416258181,413.6426012624861,1.1411422765175956,
448.63231271736294,1.3890790834531976,413.96754809632466,1.1362040352383185,
449.0147784571049,1.3842469439982137,414.2924497656918,1.1312566743583494,
449.3972441968469,1.3794049978932301,414.6173062768662,1.1263001951453457,
449.77970993658886,1.3745532451382452,414.94211763612293,1.121334598866505,
450.1621756763308,1.3696916857332624,415.26688384973886,1.1163598867892093,
450.54464141607275,1.364820319678279,415.5916049239886,1.111376060180472,
450.9271071558147,1.3599391469732944,415.9162808651454,1.1063831203068473,
451.3095728955567,1.3550481676183102,416.240911679